{
 "cells": [
  {
   "cell_type": "code",
   "execution_count": 2,
   "metadata": {},
   "outputs": [],
   "source": [
    "import pandas as pd\n",
    "from sklearn.linear_model import LinearRegression\n",
    "from sklearn.neighbors import KNeighborsRegressor\n",
    "from sklearn.tree import DecisionTreeRegressor\n",
    "from sklearn.metrics import r2_score\n",
    "import numpy as np\n",
    "from sklearn.tree import DecisionTreeClassifier\n",
    "from sklearn.model_selection import train_test_split\n",
    "from sklearn.datasets import load_breast_cancer\n",
    "import mglearn\n",
    "from sklearn.linear_model import LinearRegression\n",
    "import mglearn\n",
    "import matplotlib\n",
    "import matplotlib.pyplot as plt\n",
    "from sklearn.linear_model import Ridge\n",
    "from sklearn.linear_model import Lasso\n",
    "import pandas as pd\n",
    "import numpy as np\n",
    "from sklearn.linear_model import LogisticRegression\n",
    "from sklearn.ensemble import RandomForestRegressor\n",
    "from sklearn.ensemble import GradientBoostingRegressor\n",
    "import xgboost as xgb\n",
    "from lightgbm import LGBMRegressor\n"
   ]
  },
  {
   "cell_type": "code",
   "execution_count": 15,
   "metadata": {},
   "outputs": [],
   "source": [
    "df = pd.read_excel(\"Sample - Superstore.xls\")"
   ]
  },
  {
   "cell_type": "code",
   "execution_count": 6,
   "metadata": {},
   "outputs": [
    {
     "data": {
      "text/html": [
       "<div>\n",
       "<style scoped>\n",
       "    .dataframe tbody tr th:only-of-type {\n",
       "        vertical-align: middle;\n",
       "    }\n",
       "\n",
       "    .dataframe tbody tr th {\n",
       "        vertical-align: top;\n",
       "    }\n",
       "\n",
       "    .dataframe thead th {\n",
       "        text-align: right;\n",
       "    }\n",
       "</style>\n",
       "<table border=\"1\" class=\"dataframe\">\n",
       "  <thead>\n",
       "    <tr style=\"text-align: right;\">\n",
       "      <th></th>\n",
       "      <th>Row ID</th>\n",
       "      <th>Postal Code</th>\n",
       "      <th>Sales</th>\n",
       "      <th>Quantity</th>\n",
       "      <th>Discount</th>\n",
       "      <th>Profit</th>\n",
       "    </tr>\n",
       "  </thead>\n",
       "  <tbody>\n",
       "    <tr>\n",
       "      <th>Row ID</th>\n",
       "      <td>1.000000</td>\n",
       "      <td>0.009671</td>\n",
       "      <td>-0.001359</td>\n",
       "      <td>-0.004016</td>\n",
       "      <td>0.013480</td>\n",
       "      <td>0.012497</td>\n",
       "    </tr>\n",
       "    <tr>\n",
       "      <th>Postal Code</th>\n",
       "      <td>0.009671</td>\n",
       "      <td>1.000000</td>\n",
       "      <td>-0.023854</td>\n",
       "      <td>0.012761</td>\n",
       "      <td>0.058443</td>\n",
       "      <td>-0.029961</td>\n",
       "    </tr>\n",
       "    <tr>\n",
       "      <th>Sales</th>\n",
       "      <td>-0.001359</td>\n",
       "      <td>-0.023854</td>\n",
       "      <td>1.000000</td>\n",
       "      <td>0.200795</td>\n",
       "      <td>-0.028190</td>\n",
       "      <td>0.479064</td>\n",
       "    </tr>\n",
       "    <tr>\n",
       "      <th>Quantity</th>\n",
       "      <td>-0.004016</td>\n",
       "      <td>0.012761</td>\n",
       "      <td>0.200795</td>\n",
       "      <td>1.000000</td>\n",
       "      <td>0.008623</td>\n",
       "      <td>0.066253</td>\n",
       "    </tr>\n",
       "    <tr>\n",
       "      <th>Discount</th>\n",
       "      <td>0.013480</td>\n",
       "      <td>0.058443</td>\n",
       "      <td>-0.028190</td>\n",
       "      <td>0.008623</td>\n",
       "      <td>1.000000</td>\n",
       "      <td>-0.219487</td>\n",
       "    </tr>\n",
       "    <tr>\n",
       "      <th>Profit</th>\n",
       "      <td>0.012497</td>\n",
       "      <td>-0.029961</td>\n",
       "      <td>0.479064</td>\n",
       "      <td>0.066253</td>\n",
       "      <td>-0.219487</td>\n",
       "      <td>1.000000</td>\n",
       "    </tr>\n",
       "  </tbody>\n",
       "</table>\n",
       "</div>"
      ],
      "text/plain": [
       "               Row ID  Postal Code     Sales  Quantity  Discount    Profit\n",
       "Row ID       1.000000     0.009671 -0.001359 -0.004016  0.013480  0.012497\n",
       "Postal Code  0.009671     1.000000 -0.023854  0.012761  0.058443 -0.029961\n",
       "Sales       -0.001359    -0.023854  1.000000  0.200795 -0.028190  0.479064\n",
       "Quantity    -0.004016     0.012761  0.200795  1.000000  0.008623  0.066253\n",
       "Discount     0.013480     0.058443 -0.028190  0.008623  1.000000 -0.219487\n",
       "Profit       0.012497    -0.029961  0.479064  0.066253 -0.219487  1.000000"
      ]
     },
     "execution_count": 6,
     "metadata": {},
     "output_type": "execute_result"
    }
   ],
   "source": [
    "df.corr()"
   ]
  },
  {
   "cell_type": "code",
   "execution_count": null,
   "metadata": {},
   "outputs": [],
   "source": [
    "#문자를 숫자로 바꿔주는 인코딩"
   ]
  },
  {
   "cell_type": "code",
   "execution_count": null,
   "metadata": {},
   "outputs": [],
   "source": [
    "#수익과 관련도가 높은 변수를 찾아서  x_train에넣고 프로핏일 y_train에 넣어서 점수를 높게 만들어라 \n"
   ]
  }
 ],
 "metadata": {
  "kernelspec": {
   "display_name": "Python 3.9.12 ('base')",
   "language": "python",
   "name": "python3"
  },
  "language_info": {
   "codemirror_mode": {
    "name": "ipython",
    "version": 3
   },
   "file_extension": ".py",
   "mimetype": "text/x-python",
   "name": "python",
   "nbconvert_exporter": "python",
   "pygments_lexer": "ipython3",
   "version": "3.9.12"
  },
  "orig_nbformat": 4,
  "vscode": {
   "interpreter": {
    "hash": "a077222d77dfe082b8f1dd562ad70e458ac2ab76993a0b248ab0476e32e9e8dd"
   }
  }
 },
 "nbformat": 4,
 "nbformat_minor": 2
}
